3.000000
3.025000
3.050000
3.075000
3.100000
3.125000
3.150000
3.175000
3.200000
3.225000
3.250000
3.275000
3.300000
3.325000
3.350000
3.375000
3.400000
3.425000
3.450000
3.475000
3.500000
3.525000
3.550000
3.575000
3.600000
3.625000
3.650000
3.675000
3.700000
3.725000
3.750000
3.775000
3.800000
3.825000
3.850000
3.875000
3.900000
3.925000
3.950000
3.975000
4.000000
4.025000
4.050000
4.075000
4.100000
4.125000
4.150000
4.175000
4.200000
4.225000
4.250000
4.275000
4.300000
4.325000
4.350000
4.375000
4.400000
4.425000
4.450000
4.475000
4.500000
4.525000
4.550000
4.575000
4.600000
4.625000
4.650000
4.675000
4.700000
4.725000
4.750000
4.775000
4.800000
4.825000
4.850000
4.875000
4.900000
4.925000
4.950000
4.975000
5.000000
5.025000
5.050000
5.075000
5.100000
5.125000
5.150000
5.175000
5.200000
5.225000
5.250000
5.275000
5.300000
5.325000
5.350000
5.375000
5.400000
5.425000
5.450000
5.475000
